3.212509545e-04 6.425019086e-04 9.637510491e-04 1.284992935e-03 1.606216686e-03 1.927404166e-03 2.248528179e-03 2.569550658e-03 2.890420866e-03 3.211073617e-03 3.531427499e-03 3.851383137e-03 4.170821485e-03 4.489602164e-03 4.807561868e-03 5.124512840e-03 5.440241449e-03 5.754506874e-03 6.067039945e-03 6.377542134e-03 6.685684743e-03 6.991108323e-03 7.293422332e-03 7.592205090e-03 7.887004044e-03 8.177336382e-03 8.462690023e-03 8.742525017e-03 9.016275363e-03 9.283351280e-03 9.543141942e-03 9.795018668e-03 1.003833858e-02 1.027244873e-02 1.049669058e-02 1.071040501e-02 1.091293754e-02 1.110364391e-02 1.128189588e-02 1.144708716e-02 1.159863940e-02 1.173600813e-02 1.185868859e-02 1.196622126e-02 1.205819710e-02 1.213426223e-02 1.219412223e-02 1.223754562e-02 1.226436669e-02 1.227448764e-02 1.226787972e-02 1.224458369e-02 1.220470928e-02 1.214843392e-02 1.207600053e-02 1.198771463e-02 1.188394073e-02 1.176509800e-02 1.163165553e-02 1.148412703e-02 1.132306528e-02 1.114905626e-02 1.096271320e-02 1.076467060e-02 1.055557832e-02 1.033609574e-02 1.010688629e-02 9.868612152e-03 9.621929390e-03 9.367483441e-03 9.105905050e-03 8.837806652e-03 8.563779216e-03 8.284389548e-03 8.000178059e-03 7.711656964e-03 7.419308918e-03 7.123586042e-03 6.824909319e-03 6.523668337e-03 6.220221342e-03 5.914895562e-03 5.607987781e-03 5.299765135e-03 4.990466085e-03 4.680301551e-03 4.369456184e-03 4.058089746e-03 3.746338572e-03 3.434317116e-03 3.122119541e-03 2.809821353e-03 2.497481067e-03 2.185141896e-03 1.872833438e-03 1.560573386e-03 1.248369234e-03 9.362199843e-04 6.241178460e-04 3.120499408e-04
6.425019086e-04 1.285005631e-03 1.927509353e-03 2.570004006e-03 3.212469641e-03 3.854871799e-03 4.497157892e-03 5.139253584e-03 5.781059190e-03 6.422446104e-03 7.063253243e-03 7.703283565e-03 8.342300637e-03 8.980025302e-03 9.616132467e-03 1.025024805e-02 1.088194608e-02 1.151074610e-02 1.213611077e-02 1.275744385e-02 1.337408852e-02 1.398532622e-02 1.459037592e-02 1.518839398e-02 1.577847470e-02 1.635965146e-02 1.693089869e-02 1.749113468e-02 1.803922515e-02 1.857398782e-02 1.909419782e-02 1.959859415e-02 2.008588694e-02 2.055476574e-02 2.100390859e-02 2.143199193e-02 2.183770125e-02 2.221974223e-02 2.257685246e-02 2.290781337e-02 2.321146230e-02 2.348670454e-02 2.373252497e-02 2.394799937e-02 2.413230488e-02 2.428472960e-02 2.440468109e-02 2.449169354e-02 2.454543351e-02 2.456570413e-02 2.455244755e-02 2.450574574e-02 2.442581952e-02 2.431302586e-02 2.416785355e-02 2.399091728e-02 2.378295028e-02 2.354479574e-02 2.327739708e-02 2.298178732e-02 2.265907784e-02 2.231044655e-02 2.193712592e-02 2.154039090e-02 2.112154693e-02 2.068191836e-02 2.022283727e-02 1.974563293e-02 1.925162197e-02 1.874209932e-02 1.821833011e-02 1.768154234e-02 1.713292066e-02 1.657360092e-02 1.600466572e-02 1.542714088e-02 1.484199267e-02 1.425012593e-02 1.365238289e-02 1.304954269e-02 1.244232147e-02 1.183137312e-02 1.121729043e-02 1.060060667e-02 9.981797653e-03 9.361283933e-03 8.739433440e-03 8.116564227e-03 7.492947426e-03 6.868810352e-03 6.244339694e-03 5.619684802e-03 4.994961023e-03 4.370253080e-03 3.745618469e-03 3.121090870e-03 2.496683567e-03 1.872392857e-03 1.248201458e-03 6.240819179e-04
9.637510491e-04 1.927509353e-03 2.891276724e-03 3.855044094e-03 4.818786072e-03 5.782455499e-03 6.745978007e-03 7.709246594e-03 8.672116208e-03 9.634398364e-03 1.059585581e-02 1.155619725e-02 1.251507220e-02 1.347206594e-02 1.442669465e-02 1.537840079e-02 1.632654872e-02 1.727042068e-02 1.820921320e-02 1.914203396e-02 2.006789926e-02 2.098573211e-02 2.189436113e-02 2.279252023e-02 2.367884933e-02 2.455189606e-02 2.541011861e-02 2.625188987e-02 2.707550275e-02 2.787917701e-02 2.866106737e-02 2.941927316e-02 3.015184930e-02 3.085681871e-02 3.153218609e-02 3.217595288e-02 3.278613328e-02 3.336077129e-02 3.389795836e-02 3.439585154e-02 3.485269191e-02 3.526682274e-02 3.563670738e-02 3.596094638e-02 3.623829346e-02 3.646767021e-02 3.664817899e-02 3.677911393e-02 3.685996969e-02 3.689044783e-02 3.687046062e-02 3.680013221e-02 3.667979720e-02 3.650999646e-02 3.629147054e-02 3.602515064e-02 3.571214737e-02 3.535373761e-02 3.495134973e-02 3.450654735e-02 3.402101220e-02 3.349652617e-02 3.293495305e-02 3.233822015e-02 3.170830014e-02 3.104719349e-02 3.035691149e-02 2.963946033e-02 2.889682623e-02 2.813096178e-02 2.734377371e-02 2.653711195e-02 2.571276018e-02 2.487242774e-02 2.401774303e-02 2.315024816e-02 2.227139494e-02 2.138254212e-02 2.048495364e-02 1.957979805e-02 1.866814873e-02 1.775098503e-02 1.682919413e-02 1.590357348e-02 1.497483392e-02 1.404360309e-02 1.311042942e-02 1.217578629e-02 1.124007655e-02 1.030363717e-02 9.366744081e-03 8.429617137e-03 7.492425143e-03 6.555290933e-03 5.618296487e-03 4.681488059e-03 3.744881307e-03 2.808466416e-03 1.872213213e-03 9.360762713e-04
1.284992935e-03 2.570004006e-03 3.855044094e-03 5.140109575e-03 6.425175056e-03 7.710186115e-03 8.995052041e-03 1.027963858e-02 1.156376069e-02 1.284717534e-02 1.412957437e-02 1.541057741e-02 1.668972497e-02 1.796647160e-02 1.924017941e-02 2.051011176e-02 2.177542733e-02 2.303517470e-02 2.428828738e-02 2.553357954e-02 2.676974245e-02 2.799534185e-02 2.920881625e-02 3.040847647e-02 3.159250633e-02 3.275896483e-02 3.390578984e-02 3.503080343e-02 3.613171897e-02 3.720615009e-02 3.825162150e-02 3.926558184e-02 4.024541837e-02 4.118847370e-02 4.209206420e-02 4.295350021e-02 4.377010772e-02 4.453925130e-02 4.525835813e-02 4.592494255e-02 4.653663106e-02 4.709118712e-02 4.758653544e-02 4.802078529e-02 4.839225237e-02 4.869947878e-02 4.894125072e-02 4.911661350e-02 4.922488349e-02 4.926565688e-02 4.923881487e-02 4.914452529e-02 4.898324060e-02 4.875569223e-02 4.846288152e-02 4.810606738e-02 4.768675094e-02 4.720665762e-02 4.666771687e-02 4.607204014e-02 4.542189743e-02 4.471969289e-02 4.396793997e-02 4.316923648e-02 4.232624000e-02 4.144164397e-02 4.051815488e-02 3.955847069e-02 3.856526082e-02 3.754114785e-02 3.648869099e-02 3.541037157e-02 3.430858035e-02 3.318560684e-02 3.204363051e-02 3.088471378e-02 2.971079682e-02 2.852369395e-02 2.732509150e-02 2.611654714e-02 2.489949036e-02 2.367522415e-02 2.244492757e-02 2.120965922e-02 1.997036144e-02 1.872786509e-02 1.748289485e-02 1.623607497e-02 1.498793533e-02 1.373891770e-02 1.248938232e-02 1.123961452e-02 9.989831477e-03 8.740189021e-03 7.490788487e-03 6.241683572e-03 4.992887185e-03 3.744378286e-03 2.496108707e-03 1.248009955e-03
1.606216686e-03 3.212469641e-03 4.818786072e-03 6.425175056e-03 8.031618459e-03 9.638061863e-03 1.124440546e-02 1.285049499e-02 1.445611262e-02 1.606096793e-02 1.766468892e-02 1.926681308e-02 2.086677866e-02 2.246391609e-02 2.405743964e-02 2.564643949e-02 2.722987414e-02 2.880656341e-02 3.037518209e-02 3.193425437e-02 3.348214916e-02 3.501707657e-02 3.653708557e-02 3.804006307e-02 3.952373468e-02 4.098566708e-02 4.242327248e-02 4.383381503e-02 4.521441962e-02 4.656208288e-02 4.787368671e-02 4.914601431e-02 5.037576865e-02 5.155959352e-02 5.269409680e-02 5.377587605e-02 5.480154607e-02 5.576776808e-02 5.667128030e-02 5.750892946e-02 5.827770265e-02 5.897475923e-02 5.959746196e-02 6.014340697e-02 6.061045195e-02 6.099674182e-02 6.130073163e-02 6.152120585e-02 6.165729388e-02 6.170848132e-02 6.167461668e-02 6.155591349e-02 6.135294769e-02 6.106665034e-02 6.069829593e-02 6.024948641e-02 5.972213139e-02 5.911842505e-02 5.844081999e-02 5.769199892e-02 5.687484449e-02 5.599240798e-02 5.504787746e-02 5.404454582e-02 5.298577940e-02 5.187498751e-02 5.071559336e-02 4.951100673e-02 4.826459853e-02 4.697967780e-02 4.565947084e-02 4.430710300e-02 4.292558281e-02 4.151778877e-02 4.008645838e-02 3.863417962e-02 3.716338462e-02 3.567634536e-02 3.417517128e-02 3.266180865e-02 3.113804143e-02 2.960549364e-02 2.806563277e-02 2.651977438e-02 2.496908753e-02 2.341460096e-02 2.185720991e-02 2.029768343e-02 1.873667208e-02 1.717471598e-02 1.561225298e-02 1.404962715e-02 1.248709722e-02 1.092484518e-02 9.362984866e-03 7.801570558e-03 6.240605577e-03 4.680050837e-03 3.119833372e-03 1.559854841e-03
1.927404166e-03 3.854871799e-03 5.782455499e-03 7.710186115e-03 9.638061863e-03 1.156603741e-02 1.349401296e-02 1.542182330e-02 1.734922687e-02 1.927589486e-02 2.120140029e-02 2.312520732e-02 2.504666051e-02 2.696497444e-02 2.887922358e-02 3.078833243e-02 3.269106633e-02 3.458602271e-02 3.647162321e-02 3.834610668e-02 4.020752325e-02 4.205372971e-02 4.388238636e-02 4.569095558e-02 4.747670224e-02 4.923669635e-02 5.096781795e-02 5.266676460e-02 5.433006161e-02 5.595407510e-02 5.753502816e-02 5.906902003e-02 6.055204842e-02 6.198003493e-02 6.334885341e-02 6.465436113e-02 6.589243243e-02 6.705899463e-02 6.815006555e-02 6.916179233e-02 7.009049087e-02 7.093268521e-02 7.168514619e-02 7.234492870e-02 7.290940662e-02 7.337630493e-02 7.374372813e-02 7.401018438e-02 7.417460488e-02 7.423635785e-02 7.419525705e-02 7.405156431e-02 7.380598631e-02 7.345966551e-02 7.301416546e-02 7.247145092e-02 7.183386318e-02 7.110409119e-02 7.028513912e-02 6.938029106e-02 6.839307362e-02 6.732721710e-02 6.618661607e-02 6.497528994e-02 6.369734427e-02 6.235693330e-02 6.095822435e-02 5.950536431e-02 5.800244878e-02 5.645349398e-02 5.486241159e-02 5.323298675e-02 5.156885913e-02 4.987350705e-02 4.815023461e-02 4.640216170e-02 4.463221669e-02 4.284313159e-02 4.103743962e-02 3.921747472e-02 3.738537308e-02 3.554307621e-02 3.369233549e-02 3.183471801e-02 2.997161335e-02 2.810424132e-02 2.623366041e-02 2.436077675e-02 2.248635360e-02 2.061102114e-02 1.873528648e-02 1.685954388e-02 1.498408508e-02 1.310910962e-02 1.123473524e-02 9.361008214e-03 7.487913727e-03 5.615386111e-03 3.743319103e-03 1.871576037e-03
2.248528179e-03 4.497157892e-03 6.745978007e-03 8.995052041e-03 1.124440546e-02 1.349401296e-02 1.574378567e-02 1.799355838e-02 2.024307672e-02 2.249198432e-02 2.473981008e-02 2.698595540e-02 2.922968160e-02 3.147009761e-02 3.370614779e-02 3.593660033e-02 3.816003603e-02 4.037483788e-02 4.257918136e-02 4.477102590e-02 4.694810745e-02 4.910793266e-02 5.124777460e-02 5.336467063e-02 5.545542236e-02 5.751659813e-02 5.954453837e-02 6.153536382e-02 6.348498711e-02 6.538912775e-02 6.724333080e-02 6.904298922e-02 7.078337006e-02 7.245964437e-02 7.406692079e-02 7.560028261e-02 7.705482791e-02 7.842571247e-02 7.970819493e-02 8.089768344e-02 8.198978329e-02 8.298034453e-02 8.386550891e-02 8.464175502e-02 8.530594091e-02 8.585534316e-02 8.628769157e-02 8.660119868e-02 8.679458339e-02 8.686708817e-02 8.681848935e-02 8.664910037e-02 8.635976774e-02 8.595185993e-02 8.542724949e-02 8.478828864e-02 8.403777922e-02 8.317893741e-02 8.221535423e-02 8.115095258e-02 7.998994182e-02 7.873677073e-02 7.739607978e-02 7.597265361e-02 7.447137443e-02 7.289717708e-02 7.125500642e-02 6.954977738e-02 6.778633831e-02 6.596943775e-02 6.410369478e-02 6.219357330e-02 6.024335992e-02 5.825714568e-02 5.623881130e-02 5.419201589e-02 5.212018883e-02 5.002652471e-02 4.791398088e-02 4.578527755e-02 4.364289996e-02 4.148910261e-02 3.932591498e-02 3.715514882e-02 3.497840653e-02 3.279709057e-02 3.061241365e-02 2.842540955e-02 2.623694443e-02 2.404772850e-02 2.185832790e-02 1.966917682e-02 1.748058960e-02 1.529277298e-02 1.310583824e-02 1.091981333e-02 8.734655007e-03 6.550260777e-03 4.366480891e-03 2.183130203e-03
2.569550658e-03 5.139253584e-03 7.709246594e-03 1.027963858e-02 1.285049499e-02 1.542182330e-02 1.799355838e-02 2.056554783e-02 2.313753729e-02 2.570915564e-02 2.827990032e-02 3.084912258e-02 3.341601290e-02 3.597958659e-02 3.853866965e-02 4.109188506e-02 4.363763960e-02 4.617411142e-02 4.869923846e-02 5.121070809e-02 5.370594801e-02 5.618211886e-02 5.863610875e-02 6.106453000e-02 6.346371841e-02 6.582973545e-02 6.815837359e-02 7.044516521e-02 7.268539525e-02 7.487411799e-02 7.700617806e-02 7.907623600e-02 8.107879823e-02 8.300825169e-02 8.485890278e-02 8.662502062e-02 8.830088411e-02 8.988083242e-02 9.135931826e-02 9.273096322e-02 9.399061430e-02 9.513340072e-02 9.615478989e-02 9.705064155e-02 9.781725883e-02 9.845143522e-02 9.895049631e-02 9.931233537e-02 9.953544184e-02 9.961892207e-02 9.956251182e-02 9.936658009e-02 9.903212433e-02 9.856075700e-02 9.795468391e-02 9.721667493e-02 9.635002765e-02 9.535852501e-02 9.424638781e-02 9.301822321e-02 9.167897036e-02 9.023384422e-02 8.868827871e-02 8.704787029e-02 8.531832275e-02 8.350539419e-02 8.161484686e-02 7.965240047e-02 7.762368935e-02 7.553422391e-02 7.338935648e-02 7.119425173e-02 6.895386157e-02 6.667290446e-02 6.435584904e-02 6.200690172e-02 5.962999804e-02 5.722879752e-02 5.480668165e-02 5.236675462e-02 4.991184661e-02 4.744451928e-02 4.496707300e-02 4.248155576e-02 3.998977338e-02 3.749330078e-02 3.499349407e-02 3.249150337e-02 2.998828608e-02 2.748462052e-02 2.498111981e-02 2.247824589e-02 1.997632353e-02 1.747555448e-02 1.497603140e-02 1.247775188e-02 9.980632187e-03 7.484521098e-03 4.989213483e-03 2.494463884e-03
2.890420866e-03 5.781059190e-03 8.672116208e-03 1.156376069e-02 1.445611262e-02 1.734922687e-02 2.024307672e-02 2.313753729e-02 2.603236896e-02 2.892720063e-02 3.182151298e-02 3.471462170e-02 3.760566083e-02 4.049356621e-02 4.337705916e-02 4.625463065e-02 4.912452589e-02 5.198472972e-02 5.483295299e-02 5.766662001e-02 6.048285763e-02 6.327848602e-02 6.605001155e-02 6.879362221e-02 7.150518584e-02 7.418025166e-02 7.681405533e-02 7.940152818e-02 8.193731071e-02 8.441577089e-02 8.683102746e-02 8.917697847e-02 9.144733518e-02 9.363566138e-02 9.573541802e-02 9.774001298e-02 9.964285549e-02 1.014374148e-01 1.031172825e-01 1.046762369e-01 1.061083100e-01 1.074078542e-01 1.085696084e-01 1.095887625e-01 1.104610176e-01 1.111826426e-01 1.117505231e-01 1.121622047e-01 1.124159265e-01 1.125106465e-01 1.124460558e-01 1.122225838e-01 1.118413925e-01 1.113043598e-01 1.106140542e-01 1.097736995e-01 1.087871314e-01 1.076587472e-01 1.063934488e-01 1.049965821e-01 1.034738722e-01 1.018313571e-01 1.000753205e-01 9.821222610e-02 9.624865209e-02 9.419123006e-02 9.204658637e-02 8.982128829e-02 8.752179471e-02 8.515441205e-02 8.272525550e-02 8.024021558e-02 7.770493016e-02 7.512476154e-02 7.250477868e-02 6.984974390e-02 6.716410407e-02 6.445198570e-02 6.171719358e-02 5.896321265e-02 5.619321260e-02 5.341005491e-02 5.061630197e-02 4.781422783e-02 4.500583046e-02 4.219284510e-02 3.937675848e-02 3.655882378e-02 3.374007599e-02 3.092134769e-02 2.810328495e-02 2.528636338e-02 2.247090415e-02 1.965708998e-02 1.684498102e-02 1.403453058e-02 1.122560077e-02 8.417977944e-03 5.611388057e-03 2.805511852e-03
3.211073617e-03 6.422446104e-03 9.634398364e-03 1.284717534e-02 1.606096793e-02 1.927589486e-02 2.249198432e-02 2.570915564e-02 2.892720063e-02 3.214576495e-02 3.536432926e-02 3.858219041e-02 4.179844253e-02 4.501195824e-02 4.822137014e-02 5.142505250e-02 5.462110358e-02 5.780732861e-02 6.098122375e-02 6.413996131e-02 6.728037650e-02 7.039895605e-02 7.349182922e-02 7.655476144e-02 7.958315110e-02 8.257203001e-02 8.551606789e-02 8.840958147e-02 9.124654851e-02 9.402062739e-02 9.672518243e-02 9.935331526e-02 1.018979027e-01 1.043516406e-01 1.067070950e-01 1.089567578e-01 1.110931101e-01 1.131086890e-01 1.149961599e-01 1.167483918e-01 1.183585346e-01 1.198200975e-01 1.211270270e-01 1.222737823e-01 1.232554067e-01 1.240675943e-01 1.247067488e-01 1.251700337e-01 1.254554131e-01 1.255616815e-01 1.254884809e-01 1.252363070e-01 1.248065020e-01 1.242012355e-01 1.234234737e-01 1.224769375e-01 1.213660514e-01 1.200958834e-01 1.186720781e-01 1.171007842e-01 1.153885793e-01 1.135423913e-01 1.115694203e-01 1.094770614e-01 1.072728295e-01 1.049642876e-01 1.025589803e-01 1.000643716e-01 9.748778914e-02 9.483637410e-02 9.211703789e-02 8.933642495e-02 8.650088193e-02 8.361643288e-02 8.068876024e-02 7.772319113e-02 7.472468865e-02 7.169784763e-02 6.864689433e-02 6.557568981e-02 6.248773621e-02 5.938618580e-02 5.627385214e-02 5.315322312e-02 5.002647553e-02 4.689549067e-02 4.376187098e-02 4.062695727e-02 3.749184642e-02 3.435740930e-02 3.122430892e-02 2.809301853e-02 2.496383971e-02 2.183692029e-02 1.871227212e-02 1.558978865e-02 1.246926236e-02 9.350401856e-03 6.232848948e-03 3.116195468e-03
3.531427499e-03 7.063253243e-03 1.059585581e-02 1.412957437e-02 1.766468892e-02 2.120140029e-02 2.473981008e-02 2.827990032e-02 3.182151298e-02 3.536432926e-02 3.890784871e-02 4.245136816e-02 4.599396061e-02 4.953445409e-02 5.307141066e-02 5.660310564e-02 6.012750732e-02 6.364225737e-02 6.714465209e-02 7.063162501e-02 7.409973099e-02 7.754513245e-02 8.096358784e-02 8.435044322e-02 8.770062710e-02 9.100864939e-02 9.426860478e-02 9.747418129e-02 1.006186745e-01 1.036950078e-01 1.066957596e-01 1.096131975e-01 1.124393195e-01 1.151659035e-01 1.177845634e-01 1.202868132e-01 1.226641380e-01 1.249080710e-01 1.270102764e-01 1.289626359e-01 1.307573390e-01 1.323869743e-01 1.338446200e-01 1.351239329e-01 1.362192325e-01 1.371255793e-01 1.378388441e-01 1.383557681e-01 1.386740109e-01 1.387921854e-01 1.387098793e-01 1.384276613e-01 1.379470731e-01 1.372706066e-01 1.364016674e-01 1.353445253e-01 1.341042533e-01 1.326866571e-01 1.310981958e-01 1.293458974e-01 1.274372695e-01 1.253802084e-01 1.231829080e-01 1.208537699e-01 1.184013168e-01 1.158341105e-01 1.131606755e-01 1.103894287e-01 1.075286161e-01 1.045862573e-01 1.015700970e-01 9.848756440e-02 9.534573973e-02 9.215132781e-02 8.891063826e-02 8.562957172e-02 8.231361178e-02 7.896782182e-02 7.559684631e-02 7.220491604e-02 6.879585665e-02 6.537309994e-02 6.193969765e-02 5.849833700e-02 5.505135787e-02 5.160077106e-02 4.814827749e-02 4.469528792e-02 4.124294311e-02 3.779213417e-02 3.434352289e-02 3.089756211e-02 2.745451588e-02 2.401447935e-02 2.057739850e-02 1.714308956e-02 1.371125816e-02 1.028151817e-02 6.853410413e-03 3.426421069e-03
3.851383137e-03 7.703283565e-03 1.155619725e-02 1.541057741e-02 1.926681308e-02 2.312520732e-02 2.698595540e-02 3.084912258e-02 3.471462170e-02 3.858219041e-02 4.245136816e-02 4.632147292e-02 5.019157767e-02 5.406048686e-02 5.792671277e-02 6.178845206e-02 6.564356271e-02 6.948954147e-02 7.332350225e-02 7.714215562e-02 8.094179002e-02 8.471825491e-02 8.846694649e-02 9.218279650e-02 9.586026470e-02 9.949333567e-02 1.030755205e-01 1.065998644e-01 1.100589603e-01 1.134449696e-01 1.167496507e-01 1.199643955e-01 1.230802745e-01 1.260880905e-01 1.289784418e-01 1.317417935e-01 1.343685576e-01 1.368491808e-01 1.391742387e-01 1.413345363e-01 1.433212114e-01 1.451258406e-01 1.467405457e-01 1.481580967e-01 1.493720113e-01 1.503766463e-01 1.511672802e-01 1.517401838e-01 1.520926768e-01 1.522231700e-01 1.521311896e-01 1.518173858e-01 1.512835225e-01 1.505324504e-01 1.495680640e-01 1.483952429e-01 1.470197795e-01 1.454482958e-01 1.436881507e-01 1.417473400e-01 1.396343928e-01 1.373582649e-01 1.349282335e-01 1.323537934e-01 1.296445572e-01 1.268101621e-01 1.238601827e-01 1.208040516e-01 1.176509894e-01 1.144099420e-01 1.110895284e-01 1.076979959e-01 1.042431848e-01 1.007325004e-01 9.717289327e-02 9.357084572e-02 8.993236494e-02 8.626298155e-02 8.256775304e-02 7.885127140e-02 7.511767439e-02 7.137065967e-02 6.761350152e-02 6.384906937e-02 6.007984789e-02 5.630795823e-02 5.253518001e-02 4.876297380e-02 4.499250395e-02 4.122466136e-02 3.746008635e-02 3.369919116e-02 2.994218235e-02 2.618908272e-02 2.243975297e-02 1.869391294e-02 1.495116254e-02 1.121100226e-02 7.472853463e-03 3.736078394e-03
4.170821485e-03 8.342300637e-03 1.251507220e-02 1.668972497e-02 2.086677866e-02 2.504666051e-02 2.922968160e-02 3.341601290e-02 3.760566083e-02 4.179844253e-02 4.599396061e-02 5.019157767e-02 5.439039030e-02 5.858920292e-02 6.278650149e-02 6.698042712e-02 7.116874997e-02 7.534884356e-02 7.951765981e-02 8.367170521e-02 8.780701857e-02 9.191915069e-02 9.600314670e-02 1.000535316e-01 1.040642995e-01 1.080289080e-01 1.119402773e-01 1.157907956e-01 1.195723327e-01 1.232762596e-01 1.268934781e-01 1.304144594e-01 1.338292924e-01 1.371277423e-01 1.402993199e-01 1.433333615e-01 1.462191182e-01 1.489458557e-01 1.515029614e-01 1.538800593e-01 1.560671296e-01 1.580546312e-01 1.598336255e-01 1.613958970e-01 1.627340696e-01 1.638417143e-01 1.647134466e-01 1.653450099e-01 1.657333427e-01 1.658766280e-01 1.657743235e-01 1.654271699e-01 1.648371806e-01 1.640076085e-01 1.629428955e-01 1.616486028e-01 1.601313259e-01 1.583985961e-01 1.564587712e-01 1.543209193e-01 1.519946967e-01 1.494902248e-01 1.468179678e-01 1.439886128e-01 1.410129565e-01 1.379017981e-01 1.346658414e-01 1.313156057e-01 1.278613477e-01 1.243129930e-01 1.206800787e-01 1.169717061e-01 1.131965030e-01 1.093625957e-01 1.054775887e-01 1.015485529e-01 9.758202072e-02 9.358398642e-02 8.955991289e-02 8.551474214e-02 8.145290982e-02 7.737836284e-02 7.329457940e-02 6.920459105e-02 6.511100607e-02 6.101603395e-02 5.692151050e-02 5.282892334e-02 4.873943752e-02 4.465392100e-02 4.057296998e-02 3.649693383e-02 3.242593963e-02 2.835991620e-02 2.429861770e-02 2.024164670e-02 1.618847681e-02 1.213847487e-02 8.090922783e-03 4.045039047e-03
4.489602164e-03 8.980025302e-03 1.347206594e-02 1.796647160e-02 2.246391609e-02 2.696497444e-02 3.147009761e-02 3.597958659e-02 4.049356621e-02 4.501195824e-02 4.953445409e-02 5.406048686e-02 5.858920292e-02 6.311943303e-02 6.764966315e-02 7.217800496e-02 7.670216651e-02 8.121942299e-02 8.572658820e-02 9.021998685e-02 9.469542836e-02 9.914818257e-02 1.035729580e-01 1.079638836e-01 1.123144938e-01 1.166177197e-01 1.208658848e-01 1.250507081e-01 1.291633153e-01 1.331942579e-01 1.371335427e-01 1.409706717e-01 1.446946934e-01 1.482942663e-01 1.517577341e-01 1.550732143e-01 1.582286981e-01 1.612121624e-01 1.640116920e-01 1.666156100e-01 1.690126163e-01 1.711919290e-01 1.731434281e-01 1.748577963e-01 1.763266558e-01 1.775426947e-01 1.784997821e-01 1.791930666e-01 1.796190559e-01 1.797756760e-01 1.796623062e-01 1.792797899e-01 1.786304213e-01 1.777179074e-01 1.765473066e-01 1.751249470e-01 1.734583253e-01 1.715559913e-01 1.694274187e-01 1.670828692e-01 1.645332498e-01 1.617899700e-01 1.588648001e-01 1.557697336e-01 1.525168578e-01 1.491182325e-01 1.455857791e-01 1.419311822e-01 1.381658028e-01 1.343006035e-01 1.303460872e-01 1.263122467e-01 1.222085256e-01 1.180437907e-01 1.138263128e-01 1.095637567e-01 1.052631786e-01 1.009310305e-01 9.657316997e-02 9.219487445e-02 8.780085993e-02 8.339530245e-02 7.898186219e-02 7.456370937e-02 7.014355141e-02 6.572366101e-02 6.130590470e-02 5.689177155e-02 5.248240178e-02 4.807861512e-02 4.368093873e-02 3.928963456e-02 3.490472615e-02 3.052602476e-02 2.615315494e-02 2.178557935e-02 1.742262312e-02 1.306349761e-02 8.707323757e-03 4.353155011e-03
4.807561868e-03 9.616132467e-03 1.442669465e-02 1.924017941e-02 2.405743964e-02 2.887922358e-02 3.370614779e-02 3.853866965e-02 4.337705916e-02 4.822137014e-02 5.307141066e-02 5.792671277e-02 6.278650149e-02 6.764966315e-02 7.251471311e-02 7.737976306e-02 8.224248810e-02 8.710009371e-02 9.194928317e-02 9.678622563e-02 1.016065254e-01 1.064051932e-01 1.111766193e-01 1.159145509e-01 1.206120725e-01 1.252615923e-01 1.298548340e-01 1.343828368e-01 1.388359626e-01 1.432039140e-01 1.474757630e-01 1.516399912e-01 1.556845433e-01 1.595968953e-01 1.633641359e-01 1.669730634e-01 1.704102974e-01 1.736624040e-01 1.767160340e-01 1.795580723e-01 1.821757966e-01 1.845570406e-01 1.866903614e-01 1.885652043e-01 1.901720624e-01 1.915026266e-01 1.925499206e-01 1.933084183e-01 1.937741384e-01 1.939447140e-01 1.938194354e-01 1.933992621e-01 1.926868075e-01 1.916862933e-01 1.904034766e-01 1.888455531e-01 1.870210371e-01 1.849396249e-01 1.826120433e-01 1.800498889e-01 1.772654633e-01 1.742716054e-01 1.710815288e-01 1.677086636e-01 1.641665088e-01 1.604684948e-01 1.566278602e-01 1.526575413e-01 1.485700776e-01 1.443775310e-01 1.400914201e-01 1.357226677e-01 1.312815620e-01 1.267777288e-01 1.222201152e-01 1.176169823e-01 1.129759063e-01 1.083037871e-01 1.036068620e-01 9.889072578e-02 9.416035299e-02 8.942012483e-02 8.467385755e-02 7.992483283e-02 7.517582918e-02 7.042915397e-02 6.568667573e-02 6.094985636e-02 5.621978293e-02 5.149719899e-02 4.678253527e-02 4.207593953e-02 3.737730563e-02 3.268630176e-02 2.800239795e-02 2.332489265e-02 1.865293871e-02 1.398556870e-02 9.321719623e-03 4.660257240e-03
5.124512840e-03 1.025024805e-02 1.537840079e-02 2.051011176e-02 2.564643949e-02 3.078833243e-02 3.593660033e-02 4.109188506e-02 4.625463065e-02 5.142505250e-02 5.660310564e-02 6.178845206e-02 6.698042712e-02 7.217800496e-02 7.737976306e-02 8.258384609e-02 8.778792912e-02 9.298918057e-02 9.818422512e-02 1.033691071e-01 1.085392546e-01 1.136894454e-01 1.188137752e-01 1.239056281e-01 1.289576529e-01 1.339617428e-01 1.389090223e-01 1.437898425e-01 1.485937842e-01 1.533096726e-01 1.579256043e-01 1.624289866e-01 1.668065934e-01 1.710446358e-01 1.751288507e-01 1.790446061e-01 1.827770242e-01 1.863111222e-01 1.896319675e-01 1.927248488e-01 1.955754571e-01 1.981700754e-01 2.004957727e-01 2.025405971e-01 2.042937631e-01 2.057458287e-01 2.068888555e-01 2.077165477e-01 2.082243652e-01 2.084096064e-01 2.082714591e-01 2.078110156e-01 2.070312534e-01 2.059369815e-01 2.045347535e-01 2.028327516e-01 2.008406452e-01 1.985694281e-01 1.960312404e-01 1.932391801e-01 1.902071089e-01 1.869494596e-01 1.834810461e-01 1.798168833e-01 1.759720188e-01 1.719613779e-01 1.677996256e-01 1.635010453e-01 1.590794354e-01 1.545480230e-01 1.499193944e-01 1.452054421e-01 1.404173258e-01 1.355654473e-01 1.306594370e-01 1.257081510e-01 1.207196774e-01 1.157013494e-01 1.106597653e-01 1.056008136e-01 1.005297014e-01 9.545098632e-02 9.036861035e-02 8.528593523e-02 8.020577850e-02 7.513044994e-02 7.006178791e-02 6.500119525e-02 5.994967457e-02 5.490786263e-02 4.987606384e-02 4.485428267e-02 3.984225506e-02 3.483947871e-02 2.984524245e-02 2.485865457e-02 1.987867037e-02 1.490411885e-02 9.933728795e-03 4.966154325e-03
5.440241449e-03 1.088194608e-02 1.632654872e-02 2.177542733e-02 2.722987414e-02 3.269106633e-02 3.816003603e-02 4.363763960e-02 4.912452589e-02 5.462110358e-02 6.012750732e-02 6.564356271e-02 7.116874997e-02 7.670216651e-02 8.224248810e-02 8.778792912e-02 9.333620172e-02 9.888447432e-02 1.044293297e-01 1.099667230e-01 1.154919404e-01 1.209995588e-01 1.264834077e-01 1.319365336e-01 1.373511684e-01 1.427187035e-01 1.480296700e-01 1.532737267e-01 1.584396589e-01 1.635153881e-01 1.684879949e-01 1.733437576e-01 1.780682077e-01 1.826462038e-01 1.870620251e-01 1.912994859e-01 1.953420713e-01 1.991730929e-01 2.027758651e-01 2.061338984e-01 2.092311076e-01 2.120520312e-01 2.145820570e-01 2.168076481e-01 2.187165641e-01 2.202980696e-01 2.215431250e-01 2.224445519e-01 2.229971681e-01 2.231978874e-01 2.230457791e-01 2.225420877e-01 2.216902090e-01 2.204956259e-01 2.189658042e-01 2.171100546e-01 2.149393639e-01 2.124662018e-01 2.097043103e-01 2.066684819e-01 2.033743329e-01 1.998380780e-01 1.960763125e-01 1.921058048e-01 1.879433053e-01 1.836053724e-01 1.791082189e-01 1.744675788e-01 1.696985957e-01 1.648157310e-01 1.598326924e-01 1.547623805e-01 1.496168519e-01 1.444072976e-01 1.391440343e-01 1.338365074e-01 1.284933029e-01 1.231221677e-01 1.177300363e-01 1.123230620e-01 1.069066527e-01 1.014855087e-01 9.606366230e-02 9.064451924e-02 8.523089966e-02 7.982507940e-02 7.442883071e-02 6.904346216e-02 6.366985747e-02 5.830851312e-02 5.295957478e-02 4.762287226e-02 4.229795322e-02 3.698411557e-02 3.168043855e-02 2.638581282e-02 2.109896936e-02 1.581850753e-02 1.054292238e-02 5.270631264e-03
5.754506874e-03 1.151074610e-02 1.727042068e-02 2.303517470e-02 2.880656341e-02 3.458602271e-02 4.037483788e-02 4.617411142e-02 5.198472972e-02 5.780732861e-02 6.364225737e-02 6.948954147e-02 7.534884356e-02 8.121942299e-02 8.710009371e-02 9.298918057e-02 9.888447432e-02 1.047831853e-01 1.106818963e-01 1.165765147e-01 1.224622251e-01 1.283334417e-01 1.341837634e-01 1.400059300e-01 1.457917835e-01 1.515322330e-01 1.572172273e-01 1.628357353e-01 1.683757367e-01 1.738242259e-01 1.791672295e-01 1.843898411e-01 1.894762762e-01 1.944099467e-01 1.991735600e-01 2.037492413e-01 2.081186820e-01 2.122633130e-01 2.161645017e-01 2.198037721e-01 2.231630437e-01 2.262248849e-01 2.289727759e-01 2.313913744e-01 2.334667756e-01 2.351867606e-01 2.365410229e-01 2.375213666e-01 2.381218682e-01 2.383389958e-01 2.381716822e-01 2.376213470e-01 2.366918692e-01 2.353895088e-01 2.337227827e-01 2.317022988e-01 2.293405541e-01 2.266517049e-01 2.236513171e-01 2.203561044e-01 2.167836625e-01 2.129522071e-01 2.088803211e-01 2.045867182e-01 2.000900252e-01 1.954085875e-01 1.905602987e-01 1.855624553e-01 1.804316375e-01 1.751836129e-01 1.698332638e-01 1.643945356e-01 1.588804037e-01 1.533028568e-01 1.476728953e-01 1.420005414e-01 1.362948591e-01 1.305639823e-01 1.248151500e-01 1.190547454e-01 1.132883389e-01 1.075207334e-01 1.017560109e-01 9.599757978e-02 9.024822149e-02 8.451013727e-02 7.878499337e-02 7.307396523e-02 6.737778001e-02 6.169675761e-02 5.603084990e-02 5.037967836e-02 4.474257001e-02 3.911859178e-02 3.350658337e-02 2.790518880e-02 2.231288670e-02 1.672801953e-02 1.114882194e-02 5.573448348e-03
6.067039945e-03 1.213611077e-02 1.820921320e-02 2.428828738e-02 3.037518209e-02 3.647162321e-02 4.257918136e-02 4.869923846e-02 5.483295299e-02 6.098122375e-02 6.714465209e-02 7.332350225e-02 7.951765981e-02 8.572658820e-02 9.194928317e-02 9.818422512e-02 1.044293297e-01 1.106818963e-01 1.169385555e-01 1.231952146e-01 1.294470036e-01 1.356882196e-01 1.419122740e-01 1.481116397e-01 1.542778026e-01 1.604012177e-01 1.664712710e-01 1.724762503e-01 1.784033268e-01 1.842385495e-01 1.899668559e-01 1.955721012e-01 2.010371092e-01 2.063437468e-01 2.114730267e-01 2.164052371e-01 2.211201026e-01 2.255969754e-01 2.298150565e-01 2.337536445e-01 2.373924101e-01 2.407116886e-01 2.436927875e-01 2.463182979e-01 2.485724033e-01 2.504411742e-01 2.519128394e-01 2.529780236e-01 2.536299422e-01 2.538645456e-01 2.536806068e-01 2.530797491e-01 2.520664120e-01 2.506477572e-01 2.488335190e-01 2.466358039e-01 2.440688488e-01 2.411487466e-01 2.378931488e-01 2.343209560e-01 2.304520058e-01 2.263067667e-01 2.219060466e-01 2.172707216e-01 2.124214899e-01 2.073786539e-01 2.021619329e-01 1.967903064e-01 1.912818863e-01 1.856538192e-01 1.799222143e-01 1.741020946e-01 1.682073704e-01 1.622508305e-01 1.562441488e-01 1.501979040e-01 1.441216097e-01 1.380237524e-01 1.319118361e-01 1.257924307e-01 1.196712240e-01 1.135530750e-01 1.074420682e-01 1.013415675e-01 9.525426927e-02 8.918225481e-02 8.312704027e-02 7.708962537e-02 7.107053975e-02 6.506988740e-02 5.908738885e-02 5.312242127e-02 4.717405669e-02 4.124109817e-02 3.532211435e-02 2.941547232e-02 2.351936911e-02 1.763186196e-02 1.175089750e-02 5.874340187e-03
6.377542134e-03 1.275744385e-02 1.914203396e-02 2.553357954e-02 3.193425437e-02 3.834610668e-02 4.477102590e-02 5.121070809e-02 5.766662001e-02 6.413996131e-02 7.063162501e-02 7.714215562e-02 8.367170521e-02 9.021998685e-02 9.678622563e-02 1.033691071e-01 1.099667230e-01 1.165765147e-01 1.231952146e-01 1.298187848e-01 1.364423549e-01 1.430601592e-01 1.496654733e-01 1.562505520e-01 1.628065696e-01 1.693235643e-01 1.757903887e-01 1.821946683e-01 1.885227707e-01 1.947597894e-01 2.008895435e-01 2.068945988e-01 2.127563124e-01 2.184549047e-01 2.239695631e-01 2.292785779e-01 2.343595159e-01 2.391894296e-01 2.437451043e-01 2.480033396e-01 2.519412635e-01 2.555366720e-01 2.587683875e-01 2.616166265e-01 2.640633656e-01 2.660926936e-01 2.676911369e-01 2.688479461e-01 2.695553313e-01 2.698086374e-01 2.696064503e-01 2.689506306e-01 2.678462724e-01 2.663015892e-01 2.643277323e-01 2.619385489e-01 2.591502906e-01 2.559812839e-01 2.524515755e-01 2.485825652e-01 2.443966380e-01 2.399168073e-01 2.351663770e-01 2.301686318e-01 2.249465588e-01 2.195226051e-01 2.139184729e-01 2.081549509e-01 2.022517819e-01 1.962275635e-01 1.900996795e-01 1.838842579e-01 1.775961528e-01 1.712489460e-01 1.648549653e-01 1.584253160e-01 1.519699232e-01 1.454975815e-01 1.390160112e-01 1.325319172e-01 1.260510513e-01 1.195782744e-01 1.131176195e-01 1.066723526e-01 1.002450333e-01 9.383757243e-02 8.745128755e-02 8.108695621e-02 7.474486621e-02 6.842486341e-02 6.212639681e-02 5.584856119e-02 4.959013729e-02 4.334962986e-02 3.712530354e-02 3.091521702e-02 2.471725547e-02 1.852916169e-02 1.234856592e-02 6.173014895e-03
6.685684743e-03 1.337408852e-02 2.006789926e-02 2.676974245e-02 3.348214916e-02 4.020752325e-02 4.694810745e-02 5.370594801e-02 6.048285763e-02 6.728037650e-02 7.409973099e-02 8.094179002e-02 8.780701857e-02 9.469542836e-02 1.016065254e-01 1.085392546e-01 1.154919404e-01 1.224622251e-01 1.294470036e-01 1.364423549e-01 1.434434720e-01 1.504445890e-01 1.574389081e-01 1.644185255e-01 1.713743594e-01 1.782960811e-01 1.851720513e-01 1.919892633e-01 1.987332983e-01 2.053882938e-01 2.119369298e-01 2.183604381e-01 2.246386368e-01 2.307499967e-01 2.366717429e-01 2.423799955e-01 2.478499534e-01 2.530561229e-01 2.579725914e-01 2.625733459e-01 2.668326323e-01 2.707253485e-01 2.742274640e-01 2.773164549e-01 2.799717389e-01 2.821750975e-01 2.839110685e-01 2.851672926e-01 2.859347997e-01 2.862082225e-01 2.859859265e-01 2.852700506e-01 2.840664577e-01 2.823845948e-01 2.802372721e-01 2.776403689e-01 2.746124808e-01 2.711745228e-01 2.673493041e-01 2.631610911e-01 2.586351738e-01 2.537974473e-01 2.486740223e-01 2.432908698e-01 2.376735083e-01 2.318467348e-01 2.258344026e-01 2.196592424e-01 2.133427269e-01 2.069049734e-01 2.003646824e-01 1.937391048e-01 1.870440370e-01 1.802938354e-01 1.735014503e-01 1.666784715e-01 1.598351855e-01 1.529806394e-01 1.461227100e-01 1.392681758e-01 1.324227896e-01 1.255913520e-01 1.187777827e-01 1.119851901e-01 1.052159390e-01 9.847171403e-02 9.175358129e-02 8.506204571e-02 7.839710549e-02 7.175830322e-02 6.514477380e-02 5.855528937e-02 5.198830144e-02 4.544198044e-02 3.891425294e-02 3.240283673e-02 2.590527407e-02 1.941896339e-02 1.294118961e-02 6.469153469e-03
6.991108323e-03 1.398532622e-02 2.098573211e-02 2.799534185e-02 3.501707657e-02 4.205372971e-02 4.910793266e-02 5.618211886e-02 6.327848602e-02 7.039895605e-02 7.754513245e-02 8.471825491e-02 9.191915069e-02 9.914818257e-02 1.064051932e-01 1.136894454e-01 1.209995588e-01 1.283334417e-01 1.356882196e-01 1.430601592e-01 1.504445890e-01 1.578358169e-01 1.652270447e-01 1.726102824e-01 1.799762613e-01 1.873143496e-01 1.946124719e-01 2.018570353e-01 2.090328656e-01 2.161231576e-01 2.231094439e-01 2.299715869e-01 2.366877999e-01 2.432347024e-01 2.495874163e-01 2.557197077e-01 2.616041794e-01 2.672125171e-01 2.725157923e-01 2.774848205e-01 2.820905715e-01 2.863046254e-01 2.900996652e-01 2.934499903e-01 2.963320376e-01 2.987248892e-01 3.006107471e-01 3.019753560e-01 3.028083523e-01 3.031035265e-01 3.028589823e-01 3.020771877e-01 3.007649130e-01 2.989330603e-01 2.965963924e-01 2.937731738e-01 2.904847410e-01 2.867550224e-01 2.826100268e-01 2.780773215e-01 2.731855187e-01 2.679637860e-01 2.624413951e-01 2.566473169e-01 2.506098696e-01 2.443564234e-01 2.379131604e-01 2.313048893e-01 2.245549097e-01 2.176849210e-01 2.107149717e-01 2.036634420e-01 1.965470547e-01 1.893809085e-01 1.821785291e-01 1.749519343e-01 1.677117080e-01 1.604670805e-01 1.532260137e-01 1.459952862e-01 1.387805793e-01 1.315865613e-01 1.244169690e-01 1.172746863e-01 1.101618184e-01 1.030797634e-01 9.602927788e-02 8.901053984e-02 8.202320681e-02 7.506647018e-02 6.813910581e-02 6.123952106e-02 5.436579865e-02 4.751573752e-02 4.068689106e-02 3.387660289e-02 2.708204070e-02 2.030022819e-02 1.352807567e-02 6.762409370e-03
7.293422332e-03 1.459037592e-02 2.189436113e-02 2.920881625e-02 3.653708557e-02 4.388238636e-02 5.124777460e-02 5.863610875e-02 6.605001155e-02 7.349182922e-02 8.096358784e-02 8.846694649e-02 9.600314670e-02 1.035729580e-01 1.111766193e-01 1.188137752e-01 1.264834077e-01 1.341837634e-01 1.419122740e-01 1.496654733e-01 1.574389081e-01 1.652270447e-01 1.730231714e-01 1.808192981e-01 1.886060537e-01 1.963725841e-01 2.041064516e-01 2.117935404e-01 2.194179711e-01 2.269620271e-01 2.344061013e-01 2.417286659e-01 2.489062735e-01 2.559135966e-01 2.627235121e-01 2.693072398e-01 2.756345395e-01 2.816739738e-01 2.873932404e-01 2.927595724e-01 2.977402076e-01 3.023029167e-01 3.064165810e-01 3.100518034e-01 3.131815321e-01 3.157816744e-01 3.178316749e-01 3.193150318e-01 3.202197272e-01 3.205385489e-01 3.202692887e-01 3.194148049e-01 3.179829461e-01 3.159863410e-01 3.134420636e-01 3.103711927e-01 3.067982868e-01 3.027507990e-01 2.982584594e-01 2.933526496e-01 2.880657933e-01 2.824307827e-01 2.764804553e-01 2.702471331e-01 2.637622300e-01 2.570559286e-01 2.501569261e-01 2.430922449e-01 2.358871017e-01 2.285648291e-01 2.211468414e-01 2.136526369e-01 2.060998315e-01 1.985042146e-01 1.908798233e-01 1.832390287e-01 1.755926314e-01 1.679499610e-01 1.603189781e-01 1.527063760e-01 1.451176801e-01 1.375573449e-01 1.300288459e-01 1.225347674e-01 1.150768851e-01 1.076562433e-01 1.002732270e-01 9.292762896e-02 8.561871172e-02 7.834526489e-02 7.110565820e-02 6.389789040e-02 5.671963457e-02 4.956827994e-02 4.244097087e-02 3.533464308e-02 2.824605764e-02 2.117183301e-02 1.410847549e-02 7.052408342e-03
7.592205090e-03 1.518839398e-02 2.279252023e-02 3.040847647e-02 3.804006307e-02 4.569095558e-02 5.336467063e-02 6.106453000e-02 6.879362221e-02 7.655476144e-02 8.435044322e-02 9.218279650e-02 1.000535316e-01 1.079638836e-01 1.159145509e-01 1.239056281e-01 1.319365336e-01 1.400059300e-01 1.481116397e-01 1.562505520e-01 1.644185255e-01 1.726102824e-01 1.808192981e-01 1.890376848e-01 1.972560715e-01 2.054634815e-01 2.136472098e-01 2.217927039e-01 2.298834512e-01 2.379008783e-01 2.458242683e-01 2.536307019e-01 2.612950318e-01 2.687898983e-01 2.760857958e-01 2.831511999e-01 2.899527648e-01 2.964555984e-01 3.026236229e-01 3.084200210e-01 3.138077697e-01 3.187502526e-01 3.232119388e-01 3.271591103e-01 3.305606129e-01 3.333886013e-01 3.356192462e-01 3.372333693e-01 3.382169756e-01 3.385616531e-01 3.382648187e-01 3.373297970e-01 3.357657257e-01 3.335872940e-01 3.308143281e-01 3.274712468e-01 3.235864146e-01 3.191914275e-01 3.143203621e-01 3.090090240e-01 3.032942224e-01 2.972130964e-01 2.908025102e-01 2.840985303e-01 2.771359887e-01 2.699481349e-01 2.625663706e-01 2.550200623e-01 2.473364230e-01 2.395404525e-01 2.316549277e-01 2.237004326e-01 2.156954197e-01 2.076562952e-01 1.995975207e-01 1.915317258e-01 1.834698280e-01 1.754211541e-01 1.673935618e-01 1.593935594e-01 1.514264202e-01 1.434962923e-01 1.356063022e-01 1.277586524e-01 1.199547113e-01 1.121950977e-01 1.044797578e-01 9.680803729e-02 8.917874622e-02 8.159021947e-02 7.404037169e-02 6.652674779e-02 5.904656928e-02 5.159677680e-02 4.417406941e-02 3.677494092e-02 2.939571376e-02 2.203257073e-02 1.468158495e-02 7.338748502e-03
7.887004044e-03 1.577847470e-02 2.367884933e-02 3.159250633e-02 3.952373468e-02 4.747670224e-02 5.545542236e-02 6.346371841e-02 7.150518584e-02 7.958315110e-02 8.770062710e-02 9.586026470e-02 1.040642995e-01 1.123144938e-01 1.206120725e-01 1.289576529e-01 1.373511684e-01 1.457917835e-01 1.542778026e-01 1.628065696e-01 1.713743594e-01 1.799762613e-01 1.886060537e-01 1.972560715e-01 2.059170660e-01 2.145780605e-01 2.232262022e-01 2.318466140e-01 2.404222514e-01 2.489337668e-01 2.573593918e-01 2.656748415e-01 2.738532534e-01 2.818651690e-01 2.896785728e-01 2.972589993e-01 3.045697212e-01 3.115720323e-01 3.182256317e-01 3.244891189e-01 3.303205978e-01 3.356783854e-01 3.405218113e-01 3.448120860e-01 3.485132079e-01 3.515928719e-01 3.540233392e-01 3.557822236e-01 3.568531530e-01 3.572262691e-01 3.568985360e-01 3.558738388e-01 3.541628657e-01 3.517827810e-01 3.487567081e-01 3.451130516e-01 3.408846975e-01 3.361081342e-01 3.308225374e-01 3.250688618e-01 3.188889759e-01 3.123248702e-01 3.054179589e-01 2.982084889e-01 2.907350597e-01 2.830342519e-01 2.751403590e-01 2.670852107e-01 2.588980755e-01 2.506056302e-01 2.422319844e-01 2.337987461e-01 2.253251196e-01 2.168280259e-01 2.083222383e-01 1.998205259e-01 1.913338008e-01 1.828712654e-01 1.744405557e-01 1.660478798e-01 1.576981490e-01 1.493951017e-01 1.411414184e-01 1.329388287e-01 1.247882101e-01 1.166896782e-01 1.086426693e-01 1.006460162e-01 9.269801641e-02 8.479649508e-02 7.693886129e-02 6.912215979e-02 6.134311796e-02 5.359818858e-02 4.588358904e-02 3.819533742e-02 3.052928576e-02 2.288115120e-02 1.524654508e-02 7.621000715e-03
